1817,848,1.00018
1824,848,19.820461
1825,848,16.557814
1826,848,6.386503
1827,848,21.302954
1828,848,82.80201
1829,848,48.631851
1830,848,20.405571
1831,848,18.594986
1832,848,138.715302
1833,848,81.834564
1834,848,17.803698
1835,848,11.509172
1838,848,12.443278
1839,848,108.808594
1840,848,37.427483
1841,848,53.907455
1842,848,50.719269
1843,848,60.31311
1844,848,21.341125
1847,848,14.557417
1848,848,13.599295
1849,848,44.899551
1853,848,0.405453
1855,848,7.091137
1880,848,145.89209
1881,848,123.933693
1812,849,216.948349
1844,849,0.097561
1845,849,5.920606
1849,849,26.742586
1855,849,12.47681
1963,849,274.137756
1856,851,0.013514
1857,851,0.013514
1858,851,6.374226
1859,851,3.726701
1783,1172,145.136292
1915,852,61.229134
1916,852,25.039251
1929,852,74.03476
1930,852,27.412981
1931,852,2.148653
1932,852,2.718199
1933,852,48.004395
1934,852,22.819672
1935,852,43.258739
1938,852,9.287812
1943,852,25.720924
1946,852,23.784565
1947,852,20.874216
1949,852,28.403458
1951,852,84.515465
1952,852,132.92215
1953,852,202.727631
1954,852,352.51355
1956,852,380.241852
1972,852,0.353317
1973,852,1.006543
1975,852,0.130893
1928,853,100.806328
1929,853,105.245193
1938,853,427.038208
1973,853,0.339047
1974,853,2.716665
1975,853,0.731421
1976,853,0.378357
2004,853,17.392183
1972,854,0.108466
1973,854,0.037037
1974,854,0.65543
1975,854,2.413142
1976,854,0.557655
1995,854,49.47393
1996,854,0.745998
1997,854,4.152216
1999,854,3.094917
2000,854,1.554899
2006,854,0.158537
2007,854,0.372822
2008,854,10.357686
2009,854,4.550834
2010,854,12.147803
1824,855,159.947174
1825,855,62.160702
1826,855,42.211067
1827,855,80.112854
1828,855,42.90823
1830,855,161.370926
1831,855,214.010818
1972,855,0.589836
2015,855,3.668234
2016,855,1.257122
2017,855,2.032725
2018,855,4.130041
2019,855,1.502582
2020,855,0.553329
2022,855,7.482654
1824,856,29.557968
1825,856,30.15699
1826,856,91.190857
1828,856,123.375336
1834,856,44.159317
1835,856,53.348518
1836,856,22.743589
1837,856,3.20301
1838,856,109.449631
1839,856,65.613785
1840,856,8.808539
1841,856,5.289259
1842,856,6.567221
1843,856,6.455475
1844,856,6.519534
1845,856,7.475832
1846,856,3.769876
1853,856,8.648914
1854,856,18.519564
1855,856,34.546223
1856,856,13.882521
1857,856,11.608458
1858,856,33.15443
1972,856,5.051111
1973,856,2.613925
1837,857,0.025974
1838,857,0.025974
1854,857,0.065217
1855,857,0.065217
1856,857,0.065217
1857,857,19.7815
1858,857,21.799229
1859,857,23.875031
1861,857,107.071609
1862,857,171.977737
1863,857,89.608078
1862,858,0.012195
1863,858,1.314809
1864,858,9.240793
1902,859,58.269783
1903,859,52.80822
1904,859,2.58886
1905,859,16.540718
1906,859,2.159602
1916,859,68.115013
1868,860,2.39861
1903,860,2.082139
1910,860,17.094042
1911,860,5.115074
1912,860,5.176447
1913,860,377.478241
1914,860,355.583984
1915,860,1.922474
1916,860,16.419476
1919,860,1.282037
1920,860,0.735712
1933,860,0.045678
1934,860,0.666836
1910,861,1.386215
1911,861,1.423266
1912,861,1.07388
1913,861,1.904648
1914,861,1.659
1915,861,6.217471
1916,861,2.170504
1943,861,0.198474
1944,861,0.166044
1945,861,0.166044
1946,861,0.175856
1947,861,0.175856
1948,861,0.175856
1949,861,0.166044
1950,861,0.166044
1951,861,0.166044
1952,861,0.146607
1953,861,0.165507
1954,861,379.834564
1995,861,118.792305
2020,861,9.515951
2022,861,308.916443
1914,862,1.879722
1915,862,0.203686
1916,862,0.287551
1986,862,343.346405
1994,862,115.283859
1995,862,62.219746
1997,862,19.860006
1998,862,10.861013
2007,862,131.640579
2008,862,131.640579
2009,862,130.61969
2010,862,136.899002
2017,862,105.81636
2018,862,114.890968
2019,862,197.110001
2020,862,857.325684
1787,1182,11.398992
1803,863,2458.809326
1805,863,285.048004
1809,863,553.980957
1815,863,135.187958
1816,863,10.304764
1817,863,4.418983
1818,863,5.430273
1819,863,3.942736
1820,863,2.244323
1821,863,1.499999
1822,863,2.258461
1823,863,2.159287
1824,863,32.159328
1825,863,2.363635
1826,863,2.363635
1990,863,0.678923
2016,863,0.365469
2018,863,88.461601
2019,863,99.027672
2020,863,102.409332
2021,863,254.585358
2022,863,6.652054
1828,864,1.686749
1829,864,9.122971
1830,864,0.282962
1831,864,0.192476
1832,864,0.02922
1833,864,3.782846
1834,864,3.77668
1838,864,2.014643
1839,864,0.297536
1840,864,0.15114
1841,864,0.494303
1842,864,1.592961
1843,864,1.066564
1844,864,1.379896
1845,864,2.762734
1846,864,7.112648
1847,864,4.328413
1848,864,16.811884
1849,864,14.451906
1850,864,4.479788
1851,864,1.502442
1852,864,2.495087
1853,864,22.220663
1903,864,24.947027
1905,864,11.315349
1906,864,276.029816
1907,864,13.323978
1981,864,2.658457
1983,864,3.301192
1984,864,5.953305
1985,864,9.121137
1986,864,6.116608
1987,864,15.485552
1988,864,2.50801
1989,864,37.389061
1990,864,41.804802
2016,864,4.220807
2020,864,1.664898
2021,864,12.22007
1834,865,0.500311
1840,865,2.363154
1856,865,15.620864
1857,865,10.033877
1860,865,4.597917
1861,865,3.467574
1900,865,414.448425
1901,865,410.967072
1902,865,53.593765
1903,865,14.820303
1904,865,19.311325
1905,865,19.903229
1906,865,207.665939
1907,865,67.008041
1958,865,142.479172
1959,865,212.384109
1987,865,6.702639
1988,865,7.298752
2021,865,12.03166
1813,1184,266.381683
1866,866,8.693583
1867,866,8.693583
1868,866,5.406701
1900,866,113.748505
1901,866,5.728
1902,866,3.284153
1903,866,3.441989
1904,866,63.765995
1905,866,7.743206
1906,866,4.249281
1907,866,402.279999
1908,866,79.14328
1909,866,84.139221
1910,866,107.635551
1911,866,94.814499
1912,866,195.914642
1913,866,291.517639
1916,866,236.459991
1917,866,226.457489
1918,866,192.048599
1919,866,186.640427
1920,866,170.594788
1921,866,162.758133
1952,866,0.17857
1960,866,126.318405
1967,866,176.410767
2011,866,41.009232
1899,867,138.315887
1900,867,2.45276
1901,867,2.525684
1907,867,0.4375
1908,867,0.722222
1909,867,0.876503
1910,867,0.946079
1913,867,6.345064
1917,867,53.15443
1918,867,49.882839
1919,867,58.169067
1920,867,55.786716
1921,867,189.121658
1922,867,211.352386
1923,867,391.994293
1924,867,188.671021
1925,867,172.696686
1926,867,184.334
1927,867,196.708557
1928,867,196.708557
1929,867,140.573349
1930,867,140.992188
1931,867,140.481552
1932,867,108.248894
1934,867,166.781189
1935,867,124.962784
1936,867,124.837784
1937,867,135.118073
1938,867,126.312866
1939,867,102.120728
1940,867,156.251511
1941,867,173.956924
1942,867,88.030266
1943,867,96.986397
1944,867,92.05513
1945,867,90.510071
1946,867,49.510826
1947,867,55.141884
1960,867,174.039017
1967,867,130.438858
1977,867,119.987373
1986,867,64.004021
1987,867,74.24826
1989,867,3.373542
1997,867,16.618256
1998,867,12.016109
1999,867,12.016109
2000,867,12.204519
2012,867,12.519561
1798,868,2.666061
1808,868,176.87561
1880,868,1456.0625
1912,868,0.1717
1913,868,0.361624
1919,868,0.139454
1920,868,0.139454
1921,868,0.099382
1922,868,0.420914
1923,868,0.420914
1924,868,0.386
1925,868,0.386
1926,868,0.301551
1927,868,0.415418
1928,868,0.42523
1929,868,0.42523
1930,868,0.429525
1931,868,0.42523
1934,868,0.386
1935,868,0.146607
1936,868,0.146607
1937,868,0.078907
1940,868,1.180561
1941,868,0.252857
1942,868,0.570517
1943,868,0.475267
1944,868,0.715129
1945,868,0.65379
1946,868,0.604716
1949,868,6.214128
1950,868,11.526254
1953,868,1.014887
1954,868,0.916686
1955,868,0.916686
1956,868,59.860752
1957,868,59.197323
1958,868,137.996719
1959,868,220.512466
1960,868,141.175339
1961,868,169.038666
1962,868,176.572266
1963,868,172.017548
1967,868,4.142857
1968,868,5.806231
1969,868,61.286098
1970,868,267.410828
1971,868,169.740372
1984,868,3.692043
1985,868,3.692043
1986,868,116.063187
1987,868,6.288916
1988,868,5.670569
1989,868,5.670569
1990,868,12.974449
1991,868,1.961133
1992,868,0.391496
2010,868,0.295787
1808,869,131.508713
1824,869,104.631378
1825,869,37.105576
1826,869,33.504238
1827,869,51.999062
1828,869,32.523411
1829,869,45.870392
1830,869,32.068314
1831,869,1.731179
1832,869,0.015625
1880,869,211.813248
1881,869,216.628357
1882,869,205.117691
1893,869,595.669434
1902,869,2.835132
1903,869,0.4375
1904,869,4.896554
1939,869,0.146607
1940,869,0.079843
1941,869,0.146607
1942,869,0.269768
1943,869,0.269768
1944,869,0.295947
1945,869,0.196892
1946,869,0.338403
1947,869,0.35251
1948,869,0.372476
1949,869,0.296662
1950,869,0.196892
1957,869,0.139454
1958,869,0.276201
1959,869,0.256659
1960,869,0.28925
1961,869,0.323077
1962,869,119.529266
1963,869,135.155502
1967,869,162.862823
1968,869,0.56
1969,869,2.653846
1982,869,30.656027
1983,869,0.75
1992,869,6.825961
1994,869,0.006452
1995,869,0.037037
1998,869,0.07788
2004,869,0.037037
2010,869,4.165145
2011,869,24.105251
1808,870,123.50032
1831,870,0.763388
1832,870,0.257408
1834,870,1.517897
1848,870,0.732661
1849,870,6.865768
1850,870,3.495379
1862,870,24.751099
1863,870,5.699979
1866,870,15.221929
1867,870,12.978241
1868,870,4.1356
1869,870,7.313439
1880,870,47.760242
1881,870,15.308083
1882,870,59.479576
1888,870,56.096325
1889,870,338.38678
1890,870,61.646652
1891,870,61.281353
1892,870,0.868829
1893,870,4.475347
1903,870,125.864708
1904,870,2.088311
1966,870,168.92981
1967,870,66.717964
1970,870,0.975
1980,870,166.95665
1981,870,164.202698
2012,870,41.080658
1809,871,170.47789
1864,871,1.022727
1865,871,1.022727
1866,871,3.317089
1867,871,7.258469
1868,871,19.973465
1869,871,18.410324
1870,871,106.141953
1899,871,263.32663
1900,871,93.410194
1901,871,108.014771
1902,871,2.323412
1903,871,24.288067
1904,871,17.507429
1905,871,7.560129
1906,871,5.16718
1907,871,0.866282
1908,871,5.87154
1909,871,11.255105
1922,871,270.363312
1923,871,270.363312
1924,871,270.363312
2005,871,0.316077
2006,871,0.374018
2017,871,0.17319
2018,871,0.17319
2019,871,0.169256
2020,871,0.169256
2021,871,0.169256
2022,871,0.17319
1868,872,6.919909
1869,872,4.318919
1879,872,17.698492
1899,872,9.391644
1900,872,2.830305
1901,872,1.05279
1902,872,7.9778
1903,872,6.462315
1904,872,0.097513
1905,872,0.110091
1906,872,0.119613
1907,872,0.27346
1908,872,0.27346
1910,872,11.677342
1911,872,5.470994
1912,872,1.871215
1913,872,0.888772
1917,872,0.19991
1918,872,0.116538
1919,872,0.092593
1920,872,3.669663
1921,872,12.634475
1922,872,3.567809
1923,872,21.904331
1924,872,13.77571
1925,872,5.630893
1926,872,5.433161
1927,872,1.448175
1928,872,1.356767
1929,872,1.034502
1930,872,1.12305
1931,872,1.026262
1998,872,0.006452
2005,872,0.346965
2006,872,0.216049
2024,872,0.30982
2025,872,5.700078
2027,872,27.428886
2028,872,14.615089
2029,872,8.588483
1882,873,10.473755
1883,873,1.989743
1884,873,2.27819
1888,873,0.201111
1889,873,0.169313
1890,873,0.137321
1891,873,0.146607
1901,873,0.228696
1902,873,0.160121
1903,873,0.312997
1904,873,0.049445
1905,873,0.071943
1906,873,0.063939
1907,873,0.079843
1908,873,0.079843
1909,873,0.079843
1910,873,0.079843
1911,873,0.102341
1912,873,0.269768
1913,873,0.252202
1916,873,0.278289
1917,873,0.278289
1918,873,0.278289
1919,873,0.278289
1920,873,0.266986
1921,873,0.26951
1922,873,0.26951
1923,873,0.26951
1924,873,0.300509
1925,873,0.357371
1926,873,0.365086
1927,873,0.363522
1928,873,0.35436
1929,873,0.367046
1930,873,0.444061
1931,873,0.339944
1936,873,6.714684
1937,873,9.113029
1938,873,5.909016
1939,873,0.940249
1940,873,0.722222
1944,873,0.372671
1945,873,0.072077
1946,873,1.285536
1947,873,3.605632
1948,873,2.738163
1949,873,2.361075
1957,873,0.117678
1958,873,0.277779
1959,873,0.761506
1960,873,47.159008
2005,873,0.179012
2006,873,0.346241
1837,874,1.525115
1839,874,0.623226
1962,874,42.262672
1963,874,78.552498
1967,874,157.415619
1968,874,299.456299
1970,874,276.889221
1973,874,226.855347
1976,874,0.173822
1977,874,6.327409
1852,875,5.271444
1855,875,0.160772
1856,875,6.356787
1857,875,19.679197
1859,875,2.895877
1860,875,1.665611
1915,875,0.146607
1982,875,0.352813
1983,875,0.245228
1986,875,1.592282
1987,875,0.367235
1988,875,0.624564
1989,875,0.239317
1990,875,0.420382
1991,875,0.582065
2004,875,0.586104
2005,875,0.190406
2006,875,2.175495
1857,876,0.216922
1860,876,2.144261
1861,876,1.567291
1862,876,4.103959
1863,876,1.937521
1864,876,1.792831
1865,876,1.741111
1867,876,11.365482
1868,876,8.691427
1869,876,12.116233
1878,876,5.290438
1879,876,0.994741
1880,876,4.896554
1881,876,3.61565
1887,876,7.115329
1915,876,0.146607
1920,876,0.153902
1997,876,0.359569
1998,876,0.359569
1999,876,0.359569
2000,876,0.359569
2001,876,0.359569
2002,876,0.359569
2003,876,0.359569
2004,876,0.359569
2005,876,0.359569
2006,876,0.351652
2009,876,2.190466
2010,876,34.732117
2011,876,6.178186
2012,876,2.645211
2013,876,3.479884
2014,876,4.853871
2015,876,5.676835
2016,876,9.748174
2017,876,9.752337
2018,876,21.808672
1857,877,1.558275
1866,877,1.094744
1867,877,0.956484
1868,877,1.030393
1869,877,3.033743
1879,877,2.583333
1881,877,8.250002
1886,877,11.011429
1887,877,2.011429
1889,877,0.118726
1891,877,0.387319
1892,877,2.071923
1893,877,33.563187
1894,877,12.251408
1903,877,61.037323
1913,877,0.239393
1914,877,0.172359
1915,877,0.274512
1916,877,0.175856
1946,877,0.112766
1947,877,0.406209
2011,877,0.439833
2012,877,0.439833
2013,877,0.439833
2014,877,0.439833
2015,877,0.439833
2016,877,0.439833
2017,877,0.73704
2019,877,21.561769
2020,877,260.122742
1879,878,5.900184
1880,878,18.330696
1881,878,48.003788
1882,878,38.642147
1883,878,41.443016
1884,878,25.509106
1885,878,9.196656
1886,878,13.047676
1887,878,40.745277
1888,878,44.376064
1889,878,11.315766
1891,878,1.924483
1892,878,33.667576
1893,878,6.577492
1894,878,31.665812
1912,878,0.1717
1913,878,0.172359
1916,878,0.146607
1874,879,26.762295
1880,879,33.848976
1881,879,38.242531
1882,879,8.97912
1883,879,14.279655
1884,879,18.877932
1885,879,13.137333
1886,879,22.517235
1887,879,22.621517
1888,879,37.654373
1889,879,17.649019
1891,879,24.107819
1892,879,1.486251
1894,879,3.926968
1908,879,0.277779
1909,879,0.249373
1910,879,0.220975
1911,879,0.172359
1912,879,0.181521
1913,879,0.181521
1916,879,0.172359
1917,879,0.181521
1918,879,0.175856
1919,879,0.174483
1841,880,6.761011
1842,880,2.504305
1843,880,1.802586
1844,880,4.040266
1845,880,4.040266
1846,880,0.540304
1847,880,0.376726
1848,880,0.130955
1849,880,0.215908
1850,880,0.215908
1851,880,1.753414
1852,880,42.758385
1874,880,4.450814
1880,880,9.859086
1881,880,162.597305
1882,880,8.197704
1883,880,6.381909
1884,880,12.531139
1885,880,5.005431
1886,880,4.947665
1887,880,11.479064
1888,880,23.004377
1889,880,9.441801
1916,880,0.131681
1859,881,2.696392
1860,881,0.264918
1861,881,0.474622
1862,881,0.359822
1863,881,1.410278
1864,881,5.786653
1865,881,4.315807
1866,881,9.564938
1867,881,4.073675
1868,881,14.869654
1869,881,15.869278
1876,881,22.594774
1879,881,14.11618
1880,881,30.381872
1881,881,10.042682
1882,881,21.842098
1883,881,14.888553
1884,881,48.528049
1885,881,12.567898
1886,881,12.65004
1887,881,16.314529
1889,881,10.814211
1903,881,0.626505
1909,881,0.269768
1912,881,0.172359
1913,881,0.18397
1902,882,27.976171
1903,882,0.079843
1909,882,0.218521
1912,882,0.27346
1913,882,0.181521
1909,883,0.277779
1913,883,0.172359
1916,883,0.169873
1917,883,0.175856
1918,883,0.139795
1901,884,19.293575
1902,884,5.214818
1903,884,0.386
1908,884,0.092593
1909,884,0.277779
1913,884,0.191229
1901,885,19.540798
1902,885,8.618626
1903,885,0.435229
1908,885,0.065178
1909,885,0.189925
1912,885,0.172359
1913,885,0.172359
1916,885,0.181521
1917,885,0.146607
1851,886,66.554909
1852,886,84.806107
1854,886,175.31601
1855,886,0.474892
1856,886,1.167807
1857,886,1.118051
1858,886,1.10085
1859,886,0.819801
1860,886,0.439398
1861,886,0.439398
1862,886,0.737647
1863,886,0.99311
1864,886,0.99311
1865,886,1.067878
1866,886,1.067878
1867,886,2.112851
1868,886,28.813128
1869,886,226.193008
1901,886,8.20762
1903,886,0.079843
1917,886,0.228097
1868,887,8.509048
1878,887,6.696455
1879,887,14.354214
1916,887,0.181521
1917,887,0.15038
1920,887,0.17857
1921,887,0.172359
1879,888,13.204226
1904,888,0.163162
1908,888,0.182792
1909,888,0.072077
1910,888,0.319275
1911,888,0.277779
1912,888,0.172359
1826,889,116.84877
1850,889,1.745063
1878,889,14.71227
1879,889,11.594615
1902,889,3.981842
1903,889,2.108041
1904,889,0.291502
1908,889,4.233294
1909,889,0.27346
1910,889,0.24085
1911,889,0.189925
1912,889,0.189925
1854,890,7.761116
1855,890,1.633214
1859,890,0.207866
1861,890,0.588291
1862,890,1.725389
1863,890,1.627802
1864,890,1.525095
1865,890,1.780226
1866,890,1.780226
1867,890,6.639097
1902,890,5.738884
1903,890,1.109386
1904,890,8.305771
1917,890,0.131681
1850,891,4.196767
1853,891,12.198284
1854,891,7.050599
1855,891,0.202319
1856,891,1.17845
1857,891,1.357959
1858,891,1.357959
1859,891,1.15724
1860,891,7.012016
1861,891,5.133658
1862,891,5.029015
1863,891,99.531784
1864,891,67.659416
1866,891,37.394485
1867,891,233.307602
1903,891,0.485643
1904,891,0.180315
1849,892,0.018519
1854,892,137.426666
1855,892,97.765732
1856,892,60.195107
1857,892,128.878967
1858,892,75.91317
1859,892,143.28418
1860,892,106.845711
1861,892,116.215828
1865,892,557.893616
1866,892,612.898254
1867,892,539.463135
1892,892,22.956133
1893,892,25.578621
1894,892,35.046333
1895,892,82.290802
1896,892,16.746838
1897,892,186.858368
1898,892,102.585945
1899,892,44.526855
1900,892,50.959206
1902,892,0.994899
1903,892,0.072248
1904,892,0.079648
1909,892,0.17857
1849,893,25.115797
1850,893,0.151513
1892,893,100.093506
1893,893,14.244998
1894,893,12.517885
1895,893,12.488367
1896,893,13.059606
1897,893,11.503091
1898,893,4.405332
1899,893,11.815392
1900,893,63.666599
1901,893,6.189309
1902,893,0.734798
1903,893,0.101661
1909,893,0.234232
1922,893,0.230053
1892,894,47.732529
1893,894,8.428723
1894,894,9.27212
1895,894,22.771782
1896,894,18.410439
1897,894,9.225854
1898,894,6.617697
1899,894,10.415508
1909,894,0.457377
1909,895,0.457377
1848,896,5.740895
1849,896,0.938365
1850,896,86.483078
1851,896,4.470229
1852,896,46.707474
1853,896,2.527943
1854,896,5.161234
1855,896,5.523669
1856,896,54.283363
1884,896,144.206253
1885,896,279.049988
1886,896,19.513866
1887,896,31.630419
1888,896,22.386503
1889,896,12.124398
1890,896,22.366768
1891,896,24.196697
1892,896,5.995948
1893,896,8.693497
1894,896,9.205665
1895,896,7.247998
1896,896,11.793276
1897,896,9.628565
1898,896,58.130859
1899,896,13.052309
1900,896,6.046908
1901,896,10.119426
1902,896,19.983334
1913,896,0.1717
1850,897,11.778235
1852,897,0.051434
1853,897,29.127028
1854,897,8.188675
1855,897,21.047667
1856,897,13.255684
1857,897,20.405684
1885,897,230.107559
1886,897,27.839931
1887,897,2.924105
1889,897,1.055314
1890,897,4.753685
1898,897,1.468642
1899,897,4.374454
1900,897,1.582881
1901,897,0.29117
1902,897,0.169873
1847,898,0.957333
1848,898,1.527691
1853,898,42.641281
1854,898,16.65015
1855,898,31.754332
1856,898,28.76329
1885,898,36.13026
1900,898,0.274512
1901,898,0.424386
1846,899,7.789136
1847,899,6.923784
1848,899,24.467398
1854,899,5.167299
1855,899,0.403152
1856,899,24.768751
1857,899,129.434067
1872,899,190.578613
1873,899,9.543365
1874,899,9.642649
1875,899,7.65411
1876,899,7.65411
1877,899,1.943717
1878,899,8.209095
1879,899,2.953913
1885,899,5.436541
1886,899,4.653763
1888,899,0.915821
1890,899,0.915821
1895,899,0.065178
1901,899,0.386
1857,900,14.633805
1864,900,63.808208
1869,900,74.487282
1870,900,78.575821
1887,900,6.785272
1889,900,7.509025
1891,900,3.641941
1892,900,0.130076
1921,900,1.210873
1864,901,5.206743
1873,901,2.649907
1874,901,2.649907
1875,901,1.96482
1876,901,1.96482
1877,901,1.96482
1878,901,5.09538
1847,902,21.008818
1855,902,66.34333
1878,902,1.96482
1918,902,0.157451
1855,903,8.642197
1862,903,4.764795
1863,903,3.775864
1864,903,3.775864
1865,903,1.760854
1866,903,2.20679
1867,903,2.587449
1868,903,94.782219
1869,903,21.559008
1870,903,10.140928
1871,903,9.779009
1872,903,1.8944
1873,903,2.743541
1874,903,3.022169
1875,903,7.376758
1876,903,1.9941
1877,903,2.064307
1878,903,2.998068
1879,903,0.665891
1881,903,11.622278
1882,903,17.869436
1883,903,12.852581
1884,903,4.957871
1885,903,5.443273
1919,903,0.144485
1855,904,25.995686
1869,904,2.861701
1870,904,1.702427
1871,904,1.702427
1872,904,1.702427
1873,904,1.702427
1874,904,0.403152
1875,904,0.774908
1876,904,3.085329
1877,904,9.486171
1878,904,4.244723
1879,904,0.394307
1882,904,13.250095
1883,904,11.550329
1884,904,26.73604
1885,904,2.173614
1886,904,2.388786
1892,904,0.169313
1893,904,0.288136
1894,904,0.27783
1855,905,29.963535
1869,905,4.244723
1870,905,2.688943
1871,905,2.688943
1872,905,1.445696
1873,905,3.215991
1874,905,3.215991
1875,905,1.445696
1876,905,3.215991
1877,905,2.998068
1878,905,1.445696
1879,905,0.388664
1882,905,12.00344
1885,905,5.87977
1886,905,4.388011
1888,905,0.332742
1889,905,0.24085
1893,905,0.360818
1894,905,0.27783
1902,905,0.163943
1855,906,27.96909
1856,906,31.289982
1869,906,1.96482
1870,906,2.942316
1871,906,2.942316
1872,906,2.942316
1873,906,2.881703
1874,906,2.881703
1875,906,2.881703
1876,906,2.881703
1878,906,2.942316
1879,906,0.560417
1888,906,0.422566
1889,906,0.106922
1894,906,0.230246
1911,906,0.160731
1855,907,51.364883
1856,907,14.583038
1879,907,0.269768
1888,907,0.400529
1908,907,0.154337
1910,907,0.332742
1911,907,0.15038
1917,907,0.097433
1918,907,0.122297
1919,907,0.122297
1920,907,0.122297
1856,908,19.825611
1869,908,2.942316
1870,908,3.215991
1871,908,2.998068
1872,908,2.531067
1873,908,1.96482
1874,908,3.330678
1875,908,3.330678
1876,908,1.96482
1878,908,2.531067
1879,908,16.149923
1856,909,20.17164
1869,909,2.998068
1870,909,1.96482
1871,909,2.942316
1872,909,2.942316
1873,909,2.881703
1878,909,1.96482
1879,909,20.328005
1883,909,10.430936
1886,909,4.388011
1887,909,7.309044
1888,909,0.181214
1897,909,0.122297
1856,910,21.185976
1869,910,2.881703
1878,910,2.881703
1879,910,49.071754
1882,910,6.683522
1886,910,6.135111
1887,910,6.132837
1888,910,0.237367
1889,910,0.680147
1897,910,0.097433
1917,910,0.169313
1918,910,0.137321
1919,910,0.228831
1920,910,0.254476
2007,910,149.748581
1887,911,6.135111
1888,911,6.908316
1895,911,0.298071
1919,911,0.166706
1920,911,0.211647
1851,912,5.254146
1888,912,7.033263
1899,912,0.278647
1900,912,0.240575
1901,912,0.241918
2003,912,4.883109
1851,913,55.116169
1869,913,2.881703
1870,913,1.96482
1871,913,3.759304
1872,913,2.881703
1873,913,3.759304
1874,913,2.881703
1878,913,2.998068
1900,913,0.24085
1901,913,0.329809
2003,913,14.544607
2004,913,0.217567
1870,914,2.80216
1871,914,3.215991
1872,914,2.998068
1873,914,3.215991
1874,914,2.998068
1875,914,2.531067
1876,914,1.96482
1995,914,443.37619
1996,914,70.24939
1997,914,9.250784
1998,914,19.858362
1999,914,26.768553
2003,914,8.490438
2004,914,0.192991
1840,915,57.119225
1850,915,7.182426
1851,915,3.330678
1852,915,2.531067
1871,915,6.981174
1872,915,4.244723
1873,915,5.224493
1874,915,26.968296
1875,915,3.944444
1881,915,5.872288
1882,915,5.872288
1883,915,7.145875
1884,915,6.820035
1885,915,6.002788
1886,915,6.135111
1889,915,6.191527
1908,915,0.160731
1909,915,0.118448
1910,915,0.157451
1911,915,0.166706
1852,916,3.330678
1871,916,4.076135
1872,916,19.31078
1873,916,3.359551
1874,916,2.485886
1875,916,26.968296
1881,916,3.759304
1882,916,5.501102
1883,916,11.771277
1884,916,9.577237
1885,916,9.577237
1886,916,13.735175
1887,916,7.724848
1888,916,7.724848
1889,916,7.724848
1890,916,9.387289
1891,916,10.009747
1892,916,5.501102
1893,916,5.27767
1894,916,1.732387
1910,916,0.274512
1911,916,0.220975
1912,916,0.211647
1852,917,3.759304
1872,917,13.374953
1874,917,3.359551
1875,917,5.224493
1878,917,5.311154
1881,917,3.316863
1892,917,5.098008
1893,917,5.098008
1894,917,5.098008
1907,917,0.237367
1908,917,0.237367
1909,917,0.237367
1910,917,0.220975
1911,917,0.274512
1912,917,0.215753
1872,918,8.08129
1874,918,3.359551
1875,918,13.702303
1877,918,5.311154
1878,918,3.648712
1906,918,2.069264
1907,918,0.097433
1908,918,0.122297
1909,918,0.122297
1910,918,0.157451
1911,918,0.157451
1912,918,0.15038
1913,918,0.230053
1852,919,2.782694
1872,919,8.08129
1873,919,3.648712
1892,919,4.076135
1893,919,7.435687
1894,919,13.446013
1873,920,14.212766
1877,920,5.502033
1878,920,5.502033
1879,920,6.314845
1880,920,8.206117
1881,920,5.456432
1882,920,5.502033
1895,920,84.990738
1852,921,1.917434
1872,921,14.127674
1873,921,0.266364
1895,921,0.095857
1872,922,44.322315
1873,922,13.716203
1890,922,10.744219
1895,922,0.008114
1896,922,0.151654
1897,922,0.013975
1898,922,0.013975
1899,922,0.013975
1900,922,0.013975
1906,922,0.013975
1907,922,0.013975
1908,922,0.093235
1909,922,0.151726
1910,922,0.066712
1911,922,0.075035
1912,922,1.064355
1913,922,2.216521
1895,923,0.009709
1896,923,0.040514
1897,923,0.009709
1898,923,0.009709
1899,923,0.009709
1900,923,0.37194
1912,923,0.237367
1913,923,0.171426
1811,924,96.689453
1893,924,12.313684
1894,924,26.317356
1896,924,0.021891
1897,924,0.016077
1898,924,0.058979
1899,924,0.487296
1900,924,0.295353
1901,924,0.37194
1915,924,0.179973
1892,925,12.978928
1893,925,67.384537
1894,925,27.12496
1895,925,0.560849
1896,925,0.019608
1897,925,0.011429
1898,925,0.054115
1899,925,0.618619
1900,925,0.126386
1901,925,0.380053
1892,926,0.9
1893,926,0.978727
1894,926,0.200949
1895,926,0.115356
1896,926,0.115356
1897,926,0.115356
1898,926,0.051917
1899,926,0.388664
1900,926,0.19866
1901,926,0.37194
1907,926,0.011401
1908,926,0.011401
1909,926,0.011401
1910,926,0.011401
1911,926,0.011401
1912,926,0.013975
1915,926,0.013975
1916,926,0.013975
1917,926,0.013975
1918,926,0.084456
1919,926,1.514893
1920,926,3.562697
1882,927,56.093845
1883,927,36.229191
1885,927,39.04694
1886,927,95.905991
1893,927,0.097513
1894,927,0.319275
1895,927,0.319275
1896,927,0.307899
1897,927,0.247437
1898,927,0.233186
1901,927,0.37194
1919,927,1.007264
1920,927,0.394307
1881,928,1.66109
1882,928,1.699267
1883,928,1.738429
1884,928,1.588869
1885,928,1.294693
1892,928,0.123413
1893,928,0.123413
1894,928,0.123413
1895,928,0.160731
1896,928,0.160731
1897,928,0.160731
1898,928,0.181214
1901,928,0.097513
1880,929,7.668096
1901,929,0.097513
1879,930,416.174774
1901,930,0.097513
1917,930,0.274512
1920,930,0.157451
1862,931,0.125579
1863,931,0.038065
1878,931,33.3922
1879,931,37.973225
1880,931,0.748276
1901,931,0.097513
1916,931,0.269768
1917,931,0.18385
1920,931,0.219136
1877,932,1127.444214
1878,932,204.45314
1879,932,5.059599
1880,932,0.730099
1908,932,0.052737
1913,932,0.056275
1914,932,0.062173
1915,932,0.103075
1916,932,0.274512
1917,932,0.157451
1860,933,156.704819
1867,933,0.030118
1876,933,673.502686
1877,933,328.560242
1878,933,91.456932
1879,933,4.819737
1880,933,3.749992
1915,933,0.078595
1916,933,0.225934
1860,934,2.020835
1861,934,0.9
1862,934,1.104106
1863,934,1.389018
1864,934,1.389018
1878,934,46.683208
1879,934,0.446514
1880,934,0.397851
1899,934,0.05869
1900,934,0.186828
1905,934,0.181214
1906,934,0.220975
1907,934,0.216948
1908,934,0.277472
1909,934,0.455353
1910,934,0.249297
1815,935,15.260848
1816,935,65.440308
1854,935,58.29887
1880,935,0.30184
1899,935,0.274512
1900,935,0.186828
1905,935,0.123413
1906,935,0.160731
1907,935,0.181214
1909,935,0.215588
1910,935,0.3217
1914,935,0.035932
1915,935,0.071593
1916,935,0.081882
1917,935,0.084808
1918,935,0.073061
1817,936,65.440308
1854,936,3.616737
1859,936,273.79184
1862,936,4.971579
1863,936,3.828108
1864,936,2.205971
1865,936,3.695254
1866,936,1.803722
1895,936,0.060242
1896,936,0.104418
1897,936,0.09962
1898,936,0.082591
1899,936,0.092498
1900,936,0.157451
1908,936,0.160731
1909,936,0.238528
1920,936,0.10852
1855,937,95.089981
1859,937,197.688736
1862,937,6.110362
1863,937,3.914095
1864,937,4.251605
1865,937,2.219858
1866,937,6.170974
1881,937,0.056275
1882,937,0.097501
1883,937,0.152783
1884,937,0.39752
1886,937,1.414873
1894,937,0.030118
1895,937,0.053539
1896,937,0.058497
1897,937,0.058497
1898,937,0.130545
1899,937,0.058497
1900,937,0.058497
1909,937,0.157451
1854,938,288.103729
1855,938,182.536713
1859,938,26.865602
1862,938,5.6237
1863,938,8.085808
1864,938,2.23077
1865,938,0.199024
1866,938,4.397272
1883,938,0.060242
1884,938,0.112806
1885,938,0.09962
1886,938,0.201843
1907,938,0.069567
1854,939,247.543396
1855,939,50.680523
1859,939,30.783651
1862,939,5.130044
1863,939,0.9
1866,939,0.104418
1907,939,0.030118
1917,939,0.05869
1918,939,0.05869
1919,939,0.319275
1920,939,0.319275
1807,940,54.40966
1859,940,4.078032
1913,940,0.073819
1914,940,0.197603
1915,940,0.181033
1917,940,0.135347
1918,940,0.135347
1919,940,0.157451
1859,941,4.558132
1894,941,0.056275
1895,941,0.092498
1896,941,0.07172
1897,941,0.165478
1898,941,0.14611
1899,941,0.030118
1915,941,0.443465
1916,941,0.421406
1917,941,0.29489
1918,941,0.316145
1958,941,0.062026
1809,942,85.289757
1870,942,12.040013
1871,942,6.966226
1886,942,0.045723
1896,942,0.052737
1897,942,0.041832
1898,942,0.041832
1899,942,0.088879
1914,942,0.210723
1809,943,88.289757
1823,943,13.75
1865,943,235.769669
1866,943,283.577637
1867,943,83.974686
1868,943,4.815998
1870,943,21.725634
1871,943,8.426038
1961,943,0.485374
1962,943,0.144485
1822,944,1.764707
1823,944,29.295029
1830,944,138.880585
1862,944,0.094966
1863,944,0.169723
1864,944,0.137651
1865,944,176.391571
1866,944,56.072876
1867,944,12.47367
1877,944,53.156517
1878,944,0.060242
1913,944,0.054379
1914,944,0.211647
1915,944,0.235841
1916,944,0.39441
2046,944,42.905006
1822,945,8.931377
1823,945,85.265717
1859,945,47.670994
1914,945,0.052737
1915,945,0.179959
1916,945,0.355839
1917,945,2.322645
1918,945,1.361461
1823,946,41.10104
1824,946,86.931351
1827,946,42.333542
1857,946,155.023911
1915,946,0.097513
1916,946,0.279665
1857,947,127.81208
1858,947,113.86203
1914,947,0.035932
1915,947,0.127959
1916,947,0.286554
1857,948,110.258904
1858,948,0.347944
1857,949,180.593475
1858,949,0.450287
1857,950,214.409698
1858,950,0.353456
1857,951,200.588974
1858,951,0.351971
1960,951,0.038065
1961,951,0.097948
1962,951,0.107701
1857,952,149.006195
1858,952,54.635342
1857,953,200.803284
1858,953,162.479248
1859,953,0.267074
1857,954,216.23584
1858,954,77.390671
1859,954,0.429484
1849,955,292.241364
1851,955,383.029785
1852,955,475.099426
1853,955,130.827759
1854,955,175.963379
1855,955,283.178192
1856,955,125.772537
1864,955,203.287094
1865,955,114.263702
1835,956,77.440292
1861,956,170.288727
1862,956,126.034599
1863,956,142.9729
1864,956,54.930855
1835,957,60.787319
1836,957,65.537971
1866,957,0.041832
1867,957,0.049762
1868,957,0.105814
1900,957,0.086398
1865,960,0.054379
1865,961,0.052737
1866,961,0.052092
1867,961,0.049762
1896,961,0.104418
1866,962,0.065207
1867,962,0.05869
1896,962,0.242655
1896,963,0.284573
1897,963,0.379982
1895,964,0.548514
1897,964,0.149957
1899,964,0.034413
1896,968,0.035932
1886,971,0.030118
1887,971,0.041446
1888,971,0.038107
1889,972,0.049236
1832,975,0.065207
1829,976,0.049924
1832,976,0.052737
1833,976,0.837824
1834,976,875.42572
1835,976,297.010284
1836,976,2138.763916
1838,976,48.368286
1834,977,157.844208
1835,977,1130.232178
1839,977,467.340973
1840,977,423.859497
1840,978,60.000156
1841,978,1063.074219
1857,979,0.035932
1938,980,0.263402
1949,980,0.073891
1950,980,0.119599
1951,980,0.112058
1952,980,0.369885
1950,981,137.32576
1873,982,0.034413
1938,982,0.436344
1823,983,215.316544
1892,983,0.038107
1822,984,401.835663
1823,984,125.845314
1938,984,0.219961
1951,987,0.121896
1808,990,60.000156
1815,990,523.342041
1818,990,319.613251
1892,990,0.258972
1893,990,0.312635
1895,991,0.084541
1896,994,0.126506
2027,994,103.746094
1896,995,0.234721
1894,996,0.596334
1882,997,0.038107
1834,1005,110.832809
1838,1005,32.324814
1811,1017,1903.2052
1891,1021,0.037259
1918,1021,21.296722
1855,1022,0.164262
1891,1022,0.529755
1811,1023,1908.519287
1812,1023,1874.600952
1813,1023,1039.5896
1827,1024,851.652161
1837,1024,1779.060059
1894,1024,0.229467
1895,1024,0.234721
1896,1024,0.911163
1876,1025,0.05463
1876,1026,0.05463
1876,1027,0.05299
1920,1027,13.317167
1921,1027,13.415842
1922,1027,17.090508
1855,1028,1775.060669
1876,1028,0.05299
1897,1028,0.050013
1920,1028,0.148154
1922,1028,31.882591
1923,1028,93.30323
1849,1029,1944.101929
1876,1029,0.05869
1897,1029,0.094569
1921,1029,3.398692
1922,1029,139.318039
1923,1029,137.718079
1876,1030,0.281367
1897,1030,0.152142
1922,1030,139.114868
1923,1030,586.40741
1924,1030,104.397034
1925,1030,133.959625
1926,1030,97.933113
1896,1031,0.09525
1897,1031,0.275204
1910,1031,0.270152
1921,1031,0.461964
1922,1031,262.170837
1923,1031,187.04068
1924,1031,170.351852
1925,1031,454.025391
1926,1031,106.714447
1896,1032,0.041832
1910,1032,0.126082
1920,1032,13.001515
1922,1032,43.72242
1923,1032,1.730214
1924,1032,0.402303
1934,1032,613.224915
1846,1033,0.111254
1880,1033,0.175343
1881,1033,0.170164
1882,1033,0.204952
1883,1033,0.077542
1896,1033,0.062341
1909,1033,0.042513
1910,1033,0.291081
1920,1033,17.492277
1934,1033,0.030118
1845,1034,0.051618
1846,1034,0.051618
1850,1034,0.051618
1851,1034,0.051618
1852,1034,0.051618
1853,1034,0.051618
1854,1034,0.051618
1855,1034,0.051618
1875,1034,0.175515
1876,1034,1.522439
1879,1034,0.25451
1880,1034,0.271016
1894,1034,0.119374
1895,1034,0.165212
1896,1034,0.035932
1919,1034,32.499954
1874,1035,0.51467
1875,1035,17.41913
1919,1035,18.01219
1875,1036,17.23477
1905,1036,0.051618
1846,1037,0.046047
1871,1037,0.104737
1875,1037,17.510571
1847,1038,0.824511
1848,1038,0.169815
1849,1038,0.107926
1850,1038,0.368528
1852,1038,0.213118
1853,1038,0.237646
1854,1038,0.237646
1855,1038,0.432158
1856,1038,0.149404
1858,1038,0.130531
1859,1038,0.107926
1861,1038,0.264574
1867,1038,0.094622
1871,1038,0.046047
1875,1038,0.313428
1884,1038,0.215687
1885,1038,0.208094
1886,1038,0.248085
1887,1038,0.281816
1906,1038,26.101814
1871,1039,0.221258
1884,1039,0.049236
1906,1039,42.381355
1894,1040,16.636187
1894,1041,86.191956
1872,1049,4.951235
1873,1049,10.811443
1872,1050,4.924191
1873,1050,12.497601
1855,1051,0.108306
1872,1051,8.976426
1873,1051,22.788834
1872,1052,4.73067
1873,1052,40.134796
1878,1052,0.05869
1879,1052,0.105083
1880,1052,0.098784
1881,1052,0.253198
1882,1052,0.25587
1883,1052,0.299176
1884,1052,0.300211
1885,1052,0.267176
1886,1052,0.201305
1887,1052,0.198861
1888,1052,0.349513
1872,1053,6.456843
1873,1053,15.146964
1877,1053,0.126778
1878,1053,0.127303
1879,1053,0.129159
1880,1053,0.068225
1881,1053,0.175911
1872,1054,244.046402
1873,1054,33.622856
1854,1055,181.462875
1872,1055,330.631134
1873,1055,220.888763
1877,1055,0.049236
1878,1055,0.049762
1879,1055,0.030118
1880,1055,0.030118
1881,1055,0.12879
1837,1056,279.742645
1847,1056,107.997101
1848,1056,129.660385
1849,1056,115.781998
1854,1056,105.76136
1850,1057,95.177971
1795,1058,4
1795,1059,33.5
1892,1059,0.077542
1795,1060,63.904282
1892,1060,0.077542
1795,1061,310
2040,1067,339.576691
2039,1068,0.105581
2038,1069,240.167419
2039,1069,176.107239
2040,1069,314.763336
1885,1090,0.463193
1886,1090,0.7486
1885,1091,0.466855
1886,1091,0.505958
1887,1091,8.755187
1888,1091,122.491104
1884,1092,0.135347
1885,1092,0.505958
1886,1092,0.555895
1887,1092,12.905041
1888,1092,57.26902
1884,1093,0.135347
1885,1093,0.844547
1886,1093,0.497385
1884,1094,19.823538
1885,1094,0.05869
1886,1094,0.101268
1888,1094,136.756134
1884,1095,0.090106
1881,1098,148.728516
1770,1123,21.447128
2047,1123,270.254395
1770,1124,9.269332
1771,1124,3.270489
1772,1124,7.576665
1773,1124,5.366211
1774,1124,21.447128
2046,1124,62.844601
2047,1124,435.096039
1771,1125,0.25
1772,1125,1.633044
1773,1125,3.640793
1774,1125,32.349136
1775,1125,5.717126
2046,1125,54.323082
2047,1125,493.015686
1772,1126,0.83414
1773,1126,0.617701
1774,1126,2.917419
1775,1126,26.934692
2046,1126,22.397291
2047,1126,147.723358
1773,1127,0.461538
1774,1127,23.511696
1775,1127,174.302322
2046,1127,0.035932
1773,1128,26.105309
1774,1128,422.696503
1775,1128,781.749146
2046,1128,0.030118
1773,1129,3.234594
1774,1129,77.655487
2046,1129,0.038107
1772,1130,0.294118
1773,1130,3.197004
1774,1130,28.656616
1772,1131,0.617701
1773,1131,3.197004
1774,1131,45.213387
1772,1132,0.83414
1773,1132,3.197004
1774,1132,50.254833
1772,1133,0.501594
1773,1133,2.352226
1774,1133,36.858589
1773,1134,1.399511
1774,1134,19.478775
1775,1134,56.142548
1773,1135,1.435165
1774,1135,10.63889
1775,1135,21.316505
1776,1135,65.829376
1773,1136,3.673948
1774,1136,10.555129
1775,1136,21.232346
1776,1136,21.316505
1777,1136,56.142548
1773,1137,1.416667
1774,1137,4.332114
1775,1137,11.555128
1776,1137,10.63889
1777,1137,19.478775
1778,1137,36.858589
1779,1137,50.628551
1772,1138,2.175822
1773,1138,9.7161
1774,1138,12.367077
1775,1138,52.181156
1776,1138,4.485946
1777,1138,8.987604
1778,1138,12.906321
1779,1138,22.232344
1772,1139,1.384414
1773,1139,55.146954
1774,1139,52.181156
1775,1139,77.568642
1776,1139,378.880798
1777,1139,1.65812
1778,1139,2.839859
1779,1139,4.819279
1772,1140,4.512353
1773,1140,45.541401
1774,1140,161.538223
1775,1140,377.821899
1776,1140,317.877472
1777,1140,0.5
1778,1140,0.416667
1779,1140,0.166667
1772,1141,5.334541
1773,1141,24.66976
1774,1141,195.041702
1775,1141,867.822388
1771,1142,1.140699
1772,1142,7.29251
1773,1142,132.100601
1774,1142,537.296387
1775,1142,637.989868
1771,1143,1.957823
1772,1143,45.759941
1773,1143,73.288628
1774,1143,683.950867
1775,1143,790.699158
1771,1144,4.512353
1772,1144,16.09944
1773,1144,172.510727
1774,1144,281.92923
1775,1144,1299.414063
1772,1145,217.270676
1773,1145,266.751221
1771,1146,1.474359
1772,1146,1.418804
1773,1146,12.544851
1774,1146,115.582916
1769,1147,2.657143
1770,1147,8.566849
1771,1147,2.657143
1772,1147,2.951261
1773,1147,4.013467
1774,1147,187.715347
1771,1148,2.356071
1773,1148,3.267165
1774,1148,5.703274
1770,1157,0.660714
1825,840,1.00018
1820,841,50.888519
1839,841,0.539683
1845,841,10.466912
1846,841,5.722301
1847,841,15.345695
1881,841,11.907047
1881,842,18.598446
1882,842,6.340703
1920,842,325.258545
1924,842,183.242065
1817,843,210.682968
1882,843,1.287986
1920,843,5.464782
1922,843,1.485301
1923,843,3.367328
1931,843,11.23062
1932,843,33.292301
1933,843,42.65707
1934,843,47.880138
1935,843,52.903927
1936,843,47.449146
1937,843,28.534979
1943,843,18.750927
1944,843,21.362671
1945,843,66.18969
1946,843,26.148357
1947,843,26.838747
1948,843,33.903885
1949,843,41.642078
1955,843,57.275909
1817,844,26.292614
1883,844,54.569057
1939,844,3.525024
1943,844,2.967475
1945,844,1.89634
1946,844,3.016088
1949,844,0.552745
1950,844,3.392779
1951,844,2.442666
1952,844,2.352822
1953,844,3.753808
1954,844,3.919564
1955,844,3.516911
1956,844,13.582922
1957,844,15.471217
1958,844,7.666081
1817,845,22.326622
1989,845,21.87681
1997,845,4.014203
1998,845,5.069639
1999,845,22.436697
1817,846,3.189623
1997,846,1.261766
1998,846,2.557465
1999,846,7.884208
2000,846,39.879887
2011,846,91.471954
1817,847,8.891356
1827,847,50.099857
